0.500000,10.491739
0.523949,10.485749
0.547898,10.479488
0.571848,10.472959
0.595797,10.466162
0.619746,10.459099
0.643695,10.451773
0.667644,10.444183
0.691593,10.436332
0.715543,10.428221
0.739492,10.419853
0.763441,10.411228
0.787390,10.402350
0.811339,10.393219
0.835288,10.383837
0.859238,10.374207
0.883187,10.364330
0.907136,10.354209
0.931085,10.343845
0.955034,10.333241
0.978983,10.322399
1.002933,10.311320
1.026882,10.300008
1.050831,10.288464
1.074780,10.276691
1.098729,10.264691
1.122678,10.252466
1.146628,10.240019
1.170577,10.227352
1.194526,10.214467
1.218475,10.201368
1.242424,10.188056
1.266373,10.174534
1.290323,10.160805
1.314272,10.146871
1.338221,10.132734
1.362170,10.118398
1.386119,10.103865
1.410068,10.089137
1.434018,10.074217
1.457967,10.059108
1.481916,10.043813
1.505865,10.028334
1.529814,10.012674
1.553763,9.996835
1.577713,9.980820
1.601662,9.964633
1.625611,9.948275
1.649560,9.931750
1.673509,9.915060
1.697458,9.898208
1.721408,9.881196
1.745357,9.864028
1.769306,9.846706
1.793255,9.829233
1.817204,9.811612
1.841153,9.793845
1.865103,9.775935
1.889052,9.757885
1.913001,9.739698
1.936950,9.721376
1.960899,9.702922
1.984848,9.684339
2.008798,9.665629
2.032747,9.646796
2.056696,9.627841
2.080645,9.608768
2.104594,9.589579
2.128543,9.570276
2.152493,9.550863
2.176442,9.531342
2.200391,9.511716
2.224340,9.491987
2.248289,9.472158
2.272239,9.452231
2.296188,9.432209
2.320137,9.412094
2.344086,9.391889
2.368035,9.371597
2.391984,9.351219
2.415934,9.330759
2.439883,9.310219
2.463832,9.289601
2.487781,9.268907
2.511730,9.248140
2.535679,9.227303
2.559629,9.206397
2.583578,9.185425
2.607527,9.164389
2.631476,9.143292
2.655425,9.122135
2.679374,9.100921
2.703324,9.079652
2.727273,9.058330
2.751222,9.036958
2.775171,9.015537
2.799120,8.994070
2.823069,8.972558
2.847019,8.951004
2.870968,8.929409
2.894917,8.907777
2.918866,8.886108
2.942815,8.864404
2.966764,8.842668
2.990714,8.820902
3.014663,8.799106
3.038612,8.777284
3.062561,8.755437
3.086510,8.733566
3.110459,8.711674
3.134409,8.689762
3.158358,8.667832
3.182307,8.645885
3.206256,8.623924
3.230205,8.601950
3.254154,8.579964
3.278104,8.557968
3.302053,8.535965
3.326002,8.513954
3.349951,8.491938
3.373900,8.469918
3.397849,8.447896
3.421799,8.425873
3.445748,8.403851
3.469697,8.381830
3.493646,8.359813
3.517595,8.337801
3.541544,8.315794
3.565494,8.293795
3.589443,8.271805
3.613392,8.249824
3.637341,8.227854
3.661290,8.205896
3.685239,8.183952
3.709189,8.162023
3.733138,8.140109
3.757087,8.118212
3.781036,8.096333
3.804985,8.074473
3.828935,8.052633
3.852884,8.030814
3.876833,8.009018
3.900782,7.987244
3.924731,7.965494
3.948680,7.943770
3.972630,7.922071
3.996579,7.900399
4.020528,7.878755
4.044477,7.857140
4.068426,7.835554
4.092375,7.813998
4.116325,7.792474
4.140274,7.770981
4.164223,7.749521
4.188172,7.728095
4.212121,7.706703
4.236070,7.685345
4.260020,7.664023
4.283969,7.642738
4.307918,7.621489
4.331867,7.600279
4.355816,7.579106
4.379765,7.557972
4.403715,7.536878
4.427664,7.515824
4.451613,7.494811
4.475562,7.473839
4.499511,7.452908
4.523460,7.432020
4.547410,7.411175
4.571359,7.390373
4.595308,7.369615
4.619257,7.348902
4.643206,7.328233
4.667155,7.307609
4.691105,7.287031
4.715054,7.266499
4.739003,7.246014
4.762952,7.225575
4.786901,7.205184
4.810850,7.184840
4.834800,7.164545
4.858749,7.144297
4.882698,7.124099
4.906647,7.103949
4.930596,7.083849
4.954545,7.063799
4.978495,7.043798
5.002444,7.023848
5.026393,7.003948
5.050342,6.984099
5.074291,6.964301
5.098240,6.944555
5.122190,6.924860
5.146139,6.905216
5.170088,6.885625
5.194037,6.866085
5.217986,6.846598
5.241935,6.827164
5.265885,6.807782
5.289834,6.788454
5.313783,6.769178
5.337732,6.749955
5.361681,6.730786
5.385630,6.711671
5.409580,6.692609
5.433529,6.673601
5.457478,6.654647
5.481427,6.635747
5.505376,6.616901
5.529326,6.598109
5.553275,6.579371
5.577224,6.560688
5.601173,6.542059
5.625122,6.523485
5.649071,6.504966
5.673021,6.486501
5.696970,6.468091
5.720919,6.449736
5.744868,6.431436
5.768817,6.413190
5.792766,6.394999
5.816716,6.376864
5.840665,6.358783
5.864614,6.340757
5.888563,6.322786
5.912512,6.304871
5.936461,6.287010
5.960411,6.269204
5.984360,6.251453
6.008309,6.233757
6.032258,6.216117
6.056207,6.198531
6.080156,6.181000
6.104106,6.163524
6.128055,6.146103
6.152004,6.128736
6.175953,6.111425
6.199902,6.094168
6.223851,6.076966
6.247801,6.059819
6.271750,6.042726
6.295699,6.025688
6.319648,6.008704
6.343597,5.991775
6.367546,5.974900
6.391496,5.958079
6.415445,5.941313
6.439394,5.924601
6.463343,5.907943
6.487292,5.891339
6.511241,5.874789
6.535191,5.858293
6.559140,5.841851
6.583089,5.825462
6.607038,5.809127
6.630987,5.792846
6.654936,5.776618
6.678886,5.760443
6.702835,5.744321
6.726784,5.728253
6.750733,5.712237
6.774682,5.696275
6.798631,5.680365
6.822581,5.664508
6.846530,5.648704
6.870479,5.632952
6.894428,5.617253
6.918377,5.601606
6.942326,5.586011
6.966276,5.570468
6.990225,5.554977
7.014174,5.539537
7.038123,5.524150
7.062072,5.508814
7.086022,5.493529
7.109971,5.478296
7.133920,5.463114
7.157869,5.447983
7.181818,5.432903
7.205767,5.417873
7.229717,5.402895
7.253666,5.387967
7.277615,5.373089
7.301564,5.358262
7.325513,5.343484
7.349462,5.328757
7.373412,5.314080
7.397361,5.299452
7.421310,5.284874
7.445259,5.270346
7.469208,5.255866
7.493157,5.241436
7.517107,5.227055
7.541056,5.212723
7.565005,5.198440
7.588954,5.184205
7.612903,5.170019
7.636852,5.155881
7.660802,5.141792
7.684751,5.127750
7.708700,5.113757
7.732649,5.099811
7.756598,5.085913
7.780547,5.072062
7.804497,5.058259
7.828446,5.044502
7.852395,5.030793
7.876344,5.017131
7.900293,5.003516
7.924242,4.989947
7.948192,4.976425
7.972141,4.962949
7.996090,4.949519
8.020039,4.936135
8.043988,4.922798
8.067937,4.909505
8.091887,4.896259
8.115836,4.883058
8.139785,4.869902
8.163734,4.856792
8.187683,4.843726
8.211632,4.830705
8.235582,4.817730
8.259531,4.804798
8.283480,4.791911
8.307429,4.779069
8.331378,4.766270
8.355327,4.753516
8.379277,4.740805
8.403226,4.728138
8.427175,4.715514
8.451124,4.702934
8.475073,4.690398
8.499022,4.677904
8.522972,4.665453
8.546921,4.653045
8.570870,4.640680
8.594819,4.628357
8.618768,4.616077
8.642717,4.603839
8.666667,4.591643
8.690616,4.579489
8.714565,4.567377
8.738514,4.555306
8.762463,4.543277
8.786413,4.531290
8.810362,4.519343
8.834311,4.507438
8.858260,4.495574
8.882209,4.483750
8.906158,4.471967
8.930108,4.460225
8.954057,4.448523
8.978006,4.436861
9.001955,4.425239
9.025904,4.413657
9.049853,4.402115
9.073803,4.390613
9.097752,4.379150
9.121701,4.367727
9.145650,4.356343
9.169599,4.344998
9.193548,4.333692
9.217498,4.322424
9.241447,4.311196
9.265396,4.300006
9.289345,4.288854
9.313294,4.277741
9.337243,4.266666
9.361193,4.255629
9.385142,4.244629
9.409091,4.233668
9.433040,4.222744
9.456989,4.211857
9.480938,4.201008
9.504888,4.190196
9.528837,4.179421
9.552786,4.168683
9.576735,4.157982
9.600684,4.147317
9.624633,4.136689
9.648583,4.126098
9.672532,4.115542
9.696481,4.105023
9.720430,4.094540
9.744379,4.084092
9.768328,4.073681
9.792278,4.063304
9.816227,4.052964
9.840176,4.042659
9.864125,4.032389
9.888074,4.022154
9.912023,4.011954
9.935973,4.001788
9.959922,3.991658
9.983871,3.981562
10.007820,3.971500
10.031769,3.961473
10.055718,3.951480
10.079668,3.941522
10.103617,3.931597
10.127566,3.921706
10.151515,3.911848
10.175464,3.902024
10.199413,3.892234
10.223363,3.882477
10.247312,3.872753
10.271261,3.863062
10.295210,3.853404
10.319159,3.843779
10.343109,3.834187
10.367058,3.824627
10.391007,3.815100
10.414956,3.805605
10.438905,3.796143
10.462854,3.786712
10.486804,3.777314
10.510753,3.767947
10.534702,3.758612
10.558651,3.749309
10.582600,3.740037
10.606549,3.730797
10.630499,3.721588
10.654448,3.712410
10.678397,3.703264
10.702346,3.694148
10.726295,3.685063
10.750244,3.676009
10.774194,3.666985
10.798143,3.657992
10.822092,3.649029
10.846041,3.640096
10.869990,3.631194
10.893939,3.622322
10.917889,3.613479
10.941838,3.604667
10.965787,3.595884
10.989736,3.587131
11.013685,3.578407
11.037634,3.569712
11.061584,3.561047
11.085533,3.552411
11.109482,3.543804
11.133431,3.535226
11.157380,3.526677
11.181329,3.518157
11.205279,3.509665
11.229228,3.501201
11.253177,3.492766
11.277126,3.484360
11.301075,3.475981
11.325024,3.467631
11.348974,3.459309
11.372923,3.451014
11.396872,3.442747
11.420821,3.434508
11.444770,3.426297
11.468719,3.418113
11.492669,3.409956
11.516618,3.401827
11.540567,3.393725
11.564516,3.385650
11.588465,3.377601
11.612414,3.369580
11.636364,3.361585
11.660313,3.353618
11.684262,3.345676
11.708211,3.337761
11.732160,3.329873
11.756109,3.322010
11.780059,3.314174
11.804008,3.306364
11.827957,3.298580
11.851906,3.290822
11.875855,3.283089
11.899804,3.275383
11.923754,3.267701
11.947703,3.260046
11.971652,3.252415
11.995601,3.244810
12.019550,3.237231
12.043500,3.229676
12.067449,3.222146
12.091398,3.214641
12.115347,3.207162
12.139296,3.199706
12.163245,3.192276
12.187195,3.184870
12.211144,3.177488
12.235093,3.170131
12.259042,3.162798
12.282991,3.155489
12.306940,3.148205
12.330890,3.140944
12.354839,3.133707
12.378788,3.126494
12.402737,3.119305
12.426686,3.112140
12.450635,3.104998
12.474585,3.097879
12.498534,3.090784
12.522483,3.083712
12.546432,3.076664
12.570381,3.069638
12.594330,3.062636
12.618280,3.055657
12.642229,3.048700
12.666178,3.041766
12.690127,3.034855
12.714076,3.027966
12.738025,3.021100
12.761975,3.014257
12.785924,3.007436
12.809873,3.000637
12.833822,2.993860
12.857771,2.987105
12.881720,2.980373
12.905670,2.973662
12.929619,2.966973
12.953568,2.960306
12.977517,2.953661
13.001466,2.947037
13.025415,2.940435
13.049365,2.933854
13.073314,2.927294
13.097263,2.920756
13.121212,2.914239
13.145161,2.907744
13.169110,2.901269
13.193060,2.894815
13.217009,2.888382
13.240958,2.881970
13.264907,2.875579
13.288856,2.869208
13.312805,2.862858
13.336755,2.856529
13.360704,2.850220
13.384653,2.843931
13.408602,2.837663
13.432551,2.831414
13.456500,2.825186
13.480450,2.818978
13.504399,2.812790
13.528348,2.806622
13.552297,2.800474
13.576246,2.794345
13.600196,2.788236
13.624145,2.782147
13.648094,2.776077
13.672043,2.770027
13.695992,2.763996
13.719941,2.757984
13.743891,2.751992
13.767840,2.746018
13.791789,2.740064
13.815738,2.734129
13.839687,2.728213
13.863636,2.722316
13.887586,2.716437
13.911535,2.710578
13.935484,2.704737
13.959433,2.698914
13.983382,2.693110
14.007331,2.687325
14.031281,2.681558
14.055230,2.675809
14.079179,2.670079
14.103128,2.664367
14.127077,2.658672
14.151026,2.652996
14.174976,2.647338
14.198925,2.641698
14.222874,2.636076
14.246823,2.630471
14.270772,2.624885
14.294721,2.619315
14.318671,2.613764
14.342620,2.608230
14.366569,2.602713
14.390518,2.597214
14.414467,2.591732
14.438416,2.586268
14.462366,2.580820
14.486315,2.575390
14.510264,2.569977
14.534213,2.564581
14.558162,2.559201
14.582111,2.553839
14.606061,2.548493
14.630010,2.543164
14.653959,2.537852
14.677908,2.532557
14.701857,2.527278
14.725806,2.522015
14.749756,2.516769
14.773705,2.511540
14.797654,2.506326
14.821603,2.501129
14.845552,2.495949
14.869501,2.490784
14.893451,2.485635
14.917400,2.480503
14.941349,2.475386
14.965298,2.470285
14.989247,2.465200
15.013196,2.460131
15.037146,2.455077
15.061095,2.450040
15.085044,2.445017
15.108993,2.440011
15.132942,2.435020
15.156891,2.430044
15.180841,2.425083
15.204790,2.420138
15.228739,2.415209
15.252688,2.410294
15.276637,2.405394
15.300587,2.400510
15.324536,2.395641
15.348485,2.390786
15.372434,2.385947
15.396383,2.381122
15.420332,2.376312
15.444282,2.371517
15.468231,2.366737
15.492180,2.361971
15.516129,2.357220
15.540078,2.352483
15.564027,2.347761
15.587977,2.343053
15.611926,2.338360
15.635875,2.333681
15.659824,2.329016
15.683773,2.324365
15.707722,2.319729
15.731672,2.315106
15.755621,2.310498
15.779570,2.305904
15.803519,2.301323
15.827468,2.296757
15.851417,2.292204
15.875367,2.287665
15.899316,2.283140
15.923265,2.278629
15.947214,2.274131
15.971163,2.269647
15.995112,2.265176
16.019062,2.260719
16.043011,2.256275
16.066960,2.251844
16.090909,2.247427
16.114858,2.243024
16.138807,2.238633
16.162757,2.234256
16.186706,2.229891
16.210655,2.225540
16.234604,2.221202
16.258553,2.216877
16.282502,2.212565
16.306452,2.208265
16.330401,2.203979
16.354350,2.199705
16.378299,2.195444
16.402248,2.191196
16.426197,2.186960
16.450147,2.182737
16.474096,2.178527
16.498045,2.174329
16.521994,2.170143
16.545943,2.165970
16.569892,2.161809
16.593842,2.157661
16.617791,2.153525
16.641740,2.149401
16.665689,2.145289
16.689638,2.141190
16.713587,2.137102
16.737537,2.133027
16.761486,2.128963
16.785435,2.124912
16.809384,2.120872
16.833333,2.116845
16.857283,2.112829
16.881232,2.108825
16.905181,2.104832
16.929130,2.100852
16.953079,2.096883
16.977028,2.092926
17.000978,2.088980
17.024927,2.085045
17.048876,2.081123
17.072825,2.077211
17.096774,2.073311
17.120723,2.069423
17.144673,2.065545
17.168622,2.061679
17.192571,2.057825
17.216520,2.053981
17.240469,2.050148
17.264418,2.046327
17.288368,2.042517
17.312317,2.038717
17.336266,2.034929
17.360215,2.031152
17.384164,2.027385
17.408113,2.023630
17.432063,2.019885
17.456012,2.016151
17.479961,2.012427
17.503910,2.008715
17.527859,2.005013
17.551808,2.001322
17.575758,1.997641
17.599707,1.993971
17.623656,1.990311
17.647605,1.986661
17.671554,1.983023
17.695503,1.979394
17.719453,1.975776
17.743402,1.972168
17.767351,1.968571
17.791300,1.964983
17.815249,1.961406
17.839198,1.957839
17.863148,1.954282
17.887097,1.950735
17.911046,1.947199
17.934995,1.943672
17.958944,1.940155
17.982893,1.936648
18.006843,1.933151
18.030792,1.929664
18.054741,1.926187
18.078690,1.922719
18.102639,1.919262
18.126588,1.915814
18.150538,1.912375
18.174487,1.908947
18.198436,1.905527
18.222385,1.902118
18.246334,1.898718
18.270283,1.895327
18.294233,1.891946
18.318182,1.888575
18.342131,1.885212
18.366080,1.881860
18.390029,1.878516
18.413978,1.875182
18.437928,1.871857
18.461877,1.868541
18.485826,1.865234
18.509775,1.861937
18.533724,1.858648
18.557674,1.855369
18.581623,1.852099
18.605572,1.848838
18.629521,1.845586
18.653470,1.842342
18.677419,1.839108
18.701369,1.835883
18.725318,1.832666
18.749267,1.829458
18.773216,1.826259
18.797165,1.823069
18.821114,1.819888
18.845064,1.816715
18.869013,1.813551
18.892962,1.810395
18.916911,1.807248
18.940860,1.804110
18.964809,1.800980
18.988759,1.797859
19.012708,1.794746
19.036657,1.791642
19.060606,1.788546
19.084555,1.785458
19.108504,1.782379
19.132454,1.779308
19.156403,1.776245
19.180352,1.773191
19.204301,1.770145
19.228250,1.767107
19.252199,1.764077
19.276149,1.761056
19.300098,1.758042
19.324047,1.755037
19.347996,1.752039
19.371945,1.749050
19.395894,1.746068
19.419844,1.743095
19.443793,1.740130
19.467742,1.737172
19.491691,1.734222
19.515640,1.731280
19.539589,1.728346
19.563539,1.725420
19.587488,1.722502
19.611437,1.719591
19.635386,1.716688
19.659335,1.713792
19.683284,1.710905
19.707234,1.708024
19.731183,1.705152
19.755132,1.702287
19.779081,1.699430
19.803030,1.696580
19.826979,1.693737
19.850929,1.690902
19.874878,1.688075
19.898827,1.685255
19.922776,1.682442
19.946725,1.679636
19.970674,1.676838
19.994624,1.674048
20.018573,1.671264
20.042522,1.668488
20.066471,1.665719
20.090420,1.662957
20.114370,1.660202
20.138319,1.657455
20.162268,1.654714
20.186217,1.651981
20.210166,1.649255
20.234115,1.646535
20.258065,1.643823
20.282014,1.641118
20.305963,1.638420
20.329912,1.635728
20.353861,1.633044
20.377810,1.630366
20.401760,1.627696
20.425709,1.625032
20.449658,1.622375
20.473607,1.619724
20.497556,1.617081
20.521505,1.614444
20.545455,1.611814
20.569404,1.609191
20.593353,1.606574
20.617302,1.603964
20.641251,1.601361
20.665200,1.598764
20.689150,1.596174
20.713099,1.593590
20.737048,1.591013
20.760997,1.588442
20.784946,1.585878
20.808895,1.583321
20.832845,1.580769
20.856794,1.578225
20.880743,1.575686
20.904692,1.573154
20.928641,1.570628
20.952590,1.568109
20.976540,1.565596
21.000489,1.563089
21.024438,1.560588
21.048387,1.558094
21.072336,1.555606
21.096285,1.553124
21.120235,1.550648
21.144184,1.548178
21.168133,1.545715
21.192082,1.543258
21.216031,1.540806
21.239980,1.538361
21.263930,1.535922
21.287879,1.533489
21.311828,1.531061
21.335777,1.528640
21.359726,1.526225
21.383675,1.523815
21.407625,1.521412
21.431574,1.519015
21.455523,1.516623
21.479472,1.514237
21.503421,1.511857
21.527370,1.509483
21.551320,1.507114
21.575269,1.504752
21.599218,1.502395
21.623167,1.500044
21.647116,1.497698
21.671065,1.495359
21.695015,1.493025
21.718964,1.490696
21.742913,1.488373
21.766862,1.486056
21.790811,1.483744
21.814761,1.481438
21.838710,1.479138
21.862659,1.476843
21.886608,1.474554
21.910557,1.472270
21.934506,1.469991
21.958456,1.467718
21.982405,1.465451
22.006354,1.463188
22.030303,1.460932
22.054252,1.458680
22.078201,1.456434
22.102151,1.454194
22.126100,1.451958
22.150049,1.449728
22.173998,1.447504
22.197947,1.445284
22.221896,1.443070
22.245846,1.440861
22.269795,1.438657
22.293744,1.436459
22.317693,1.434265
22.341642,1.432077
22.365591,1.429894
22.389541,1.427716
22.413490,1.425543
22.437439,1.423376
22.461388,1.421213
22.485337,1.419055
22.509286,1.416903
22.533236,1.414755
22.557185,1.412613
22.581134,1.410475
22.605083,1.408343
22.629032,1.406215
22.652981,1.404093
22.676931,1.401975
22.700880,1.399862
22.724829,1.397754
22.748778,1.395651
22.772727,1.393553
22.796676,1.391459
22.820626,1.389371
22.844575,1.387287
22.868524,1.385208
22.892473,1.383134
22.916422,1.381065
22.940371,1.379000
22.964321,1.376940
22.988270,1.374885
23.012219,1.372835
23.036168,1.370789
23.060117,1.368748
23.084066,1.366711
23.108016,1.364679
23.131965,1.362652
23.155914,1.360629
23.179863,1.358611
23.203812,1.356598
23.227761,1.354589
23.251711,1.352584
23.275660,1.350585
23.299609,1.348589
23.323558,1.346598
23.347507,1.344612
23.371457,1.342630
23.395406,1.340653
23.419355,1.338680
23.443304,1.336711
23.467253,1.334747
23.491202,1.332787
23.515152,1.330832
23.539101,1.328881
23.563050,1.326934
23.586999,1.324992
23.610948,1.323054
23.634897,1.321120
23.658847,1.319191
23.682796,1.317266
23.706745,1.315345
23.730694,1.313428
23.754643,1.311516
23.778592,1.309608
23.802542,1.307704
23.826491,1.305804
23.850440,1.303908
23.874389,1.302017
23.898338,1.300130
23.922287,1.298247
23.946237,1.296368
23.970186,1.294493
23.994135,1.292622
24.018084,1.290756
24.042033,1.288893
24.065982,1.287035
24.089932,1.285180
24.113881,1.283330
24.137830,1.281484
24.161779,1.279641
24.185728,1.277803
24.209677,1.275968
24.233627,1.274138
24.257576,1.272312
24.281525,1.270489
24.305474,1.268671
24.329423,1.266856
24.353372,1.265045
24.377322,1.263238
24.401271,1.261435
24.425220,1.259636
24.449169,1.257841
24.473118,1.256050
24.497067,1.254262
24.521017,1.252479
24.544966,1.250699
24.568915,1.248923
24.592864,1.247150
24.616813,1.245382
24.640762,1.243617
24.664712,1.241856
24.688661,1.240099
24.712610,1.238345
24.736559,1.236596
24.760508,1.234850
24.784457,1.233107
24.808407,1.231368
24.832356,1.229633
24.856305,1.227902
24.880254,1.226174
24.904203,1.224450
24.928152,1.222730
24.952102,1.221013
24.976051,1.219300
25.000000,1.217590
